9.999999999999998890e-01 1.999999999999999833e-01 1.999999999999999833e-01 1.999999999999999833e-01 1.999999999999999833e-01 3.999999999999999667e-01 3.999999999999999667e-01 3.999999999999999667e-01 3.999999999999999667e-01 1.999999999999999833e-01 1.825741858350553859e-01
1.999999999999999833e-01 9.999999999999998890e-01 5.999999999999999778e-01 1.999999999999999833e-01 1.999999999999999833e-01 1.999999999999999833e-01 1.999999999999999833e-01 1.999999999999999833e-01 1.999999999999999833e-01 3.999999999999999667e-01 3.651483716701107718e-01
1.999999999999999833e-01 5.999999999999999778e-01 9.999999999999998890e-01 1.999999999999999833e-01 1.999999999999999833e-01 1.999999999999999833e-01 1.999999999999999833e-01 1.999999999999999833e-01 1.999999999999999833e-01 3.999999999999999667e-01 3.651483716701107718e-01
1.999999999999999833e-01 1.999999999999999833e-01 1.999999999999999833e-01 9.999999999999998890e-01 5.999999999999999778e-01 1.999999999999999833e-01 1.999999999999999833e-01 1.999999999999999833e-01 1.999999999999999833e-01 1.999999999999999833e-01 1.825741858350553859e-01
1.999999999999999833e-01 1.999999999999999833e-01 1.999999999999999833e-01 5.999999999999999778e-01 9.999999999999998890e-01 1.999999999999999833e-01 1.999999999999999833e-01 1.999999999999999833e-01 1.999999999999999833e-01 1.999999999999999833e-01 1.825741858350553859e-01
3.999999999999999667e-01 1.999999999999999833e-01 1.999999999999999833e-01 1.999999999999999833e-01 1.999999999999999833e-01 9.999999999999998890e-01 7.999999999999999334e-01 5.999999999999999778e-01 3.999999999999999667e-01 1.999999999999999833e-01 1.825741858350553859e-01
3.999999999999999667e-01 1.999999999999999833e-01 1.999999999999999833e-01 1.999999999999999833e-01 1.999999999999999833e-01 7.999999999999999334e-01 9.999999999999998890e-01 7.999999999999999334e-01 3.999999999999999667e-01 1.999999999999999833e-01 1.825741858350553859e-01
3.999999999999999667e-01 1.999999999999999833e-01 1.999999999999999833e-01 1.999999999999999833e-01 1.999999999999999833e-01 5.999999999999999778e-01 7.999999999999999334e-01 9.999999999999998890e-01 3.999999999999999667e-01 1.999999999999999833e-01 1.825741858350553859e-01
3.999999999999999667e-01 1.999999999999999833e-01 1.999999999999999833e-01 1.999999999999999833e-01 1.999999999999999833e-01 3.999999999999999667e-01 3.999999999999999667e-01 3.999999999999999667e-01 9.999999999999998890e-01 1.999999999999999833e-01 1.825741858350553859e-01
1.999999999999999833e-01 3.999999999999999667e-01 3.999999999999999667e-01 1.999999999999999833e-01 1.999999999999999833e-01 1.999999999999999833e-01 1.999999999999999833e-01 1.999999999999999833e-01 1.999999999999999833e-01 9.999999999999998890e-01 3.651483716701107718e-01
1.825741858350553859e-01 3.651483716701107718e-01 3.651483716701107718e-01 1.825741858350553859e-01 1.825741858350553859e-01 1.825741858350553859e-01 1.825741858350553859e-01 1.825741858350553859e-01 1.825741858350553859e-01 3.651483716701107718e-01 1.000000000000000222e+00
